// Fichier généré automatiquement - Ne pas modifier manuellement
// Source: Durees_PMI_2025-07.csv

const PMI_DUREES = {
  "0|1": 12.59,
  "1|0": 12.59,
  "0|2": 13.411666666666669,
  "2|0": 13.411666666666669,
  "0|3": 19.938333333333333,
  "3|0": 19.938333333333333,
  "0|4": 6.05,
  "4|0": 6.05,
  "0|5": 5.7283333333333335,
  "5|0": 5.7283333333333335,
  "0|6": 22.455,
  "6|0": 22.455,
  "0|7": 7.153333333333333,
  "7|0": 7.153333333333333,
  "0|8": 24.66,
  "8|0": 24.66,
  "0|9": 5.403333333333333,
  "9|0": 5.403333333333333,
  "0|10": 9.77,
  "10|0": 9.77,
  "0|11": 18.595,
  "11|0": 18.595,
  "0|12": 14.128333333333334,
  "12|0": 14.128333333333334,
  "0|13": 9.565,
  "13|0": 9.565,
  "0|14": 19.633333333333333,
  "14|0": 19.633333333333333,
  "0|15": 16.654999999999998,
  "15|0": 16.654999999999998,
  "0|16": 17.035,
  "16|0": 17.035,
  "0|17": 14.118333333333334,
  "17|0": 14.118333333333334,
  "0|18": 12.665,
  "18|0": 12.665,
  "0|19": 42.67666666666666,
  "19|0": 42.67666666666666,
  "0|20": 41.473333333333336,
  "20|0": 41.473333333333336,
  "0|21": 30.861666666666668,
  "21|0": 30.861666666666668,
  "0|22": 24.1,
  "22|0": 24.1,
  "0|23": 30.83333333333333,
  "23|0": 30.83333333333333,
  "0|24": 32.915,
  "24|0": 32.915,
  "0|25": 25.08833333333333,
  "25|0": 25.08833333333333,
  "0|26": 24.38,
  "26|0": 24.38,
  "0|27": 25.395,
  "27|0": 25.395,
  "0|28": 34.04333333333333,
  "28|0": 34.04333333333333,
  "0|29": 31.875,
  "29|0": 31.875,
  "0|30": 30.355,
  "30|0": 30.355,
  "0|31": 31.94833333333333,
  "31|0": 31.94833333333333,
  "0|32": 29.7,
  "32|0": 29.7,
  "0|33": 28.466666666666665,
  "33|0": 28.466666666666665,
  "0|34": 29.966666666666665,
  "34|0": 29.966666666666665,
  "0|35": 31.89333333333333,
  "35|0": 31.89333333333333,
  "0|36": 25.901666666666664,
  "36|0": 25.901666666666664,
  "0|37": 33.641666666666666,
  "37|0": 33.641666666666666,
  "0|38": 36.190000000000005,
  "38|0": 36.190000000000005,
  "0|39": 35.48166666666667,
  "39|0": 35.48166666666667,
  "0|40": 36.85666666666667,
  "40|0": 36.85666666666667,
  "0|41": 27.42833333333333,
  "41|0": 27.42833333333333,
  "0|42": 33.163333333333334,
  "42|0": 33.163333333333334,
  "0|43": 38.70166666666667,
  "43|0": 38.70166666666667,
  "0|44": 26.540000000000003,
  "44|0": 26.540000000000003,
  "0|45": 18.91166666666667,
  "45|0": 18.91166666666667,
  "0|46": 19.675,
  "46|0": 19.675,
  "0|47": 20.07,
  "47|0": 20.07,
  "0|48": 20.641666666666666,
  "48|0": 20.641666666666666,
  "0|49": 18.53166666666667,
  "49|0": 18.53166666666667,
  "0|50": 19.555,
  "50|0": 19.555,
  "0|51": 17.6,
  "51|0": 17.6,
  "0|52": 24.02833333333333,
  "52|0": 24.02833333333333,
  "0|53": 22.421666666666667,
  "53|0": 22.421666666666667,
  "0|54": 20.98333333333333,
  "54|0": 20.98333333333333,
  "0|55": 19.956666666666667,
  "55|0": 19.956666666666667,
  "0|56": 21.916666666666668,
  "56|0": 21.916666666666668,
  "0|57": 9.478333333333332,
  "57|0": 9.478333333333332,
  "0|58": 8.96,
  "58|0": 8.96,
  "0|59": 11.416666666666666,
  "59|0": 11.416666666666666,
  "0|60": 17.236666666666668,
  "60|0": 17.236666666666668,
  "0|61": 18.115,
  "61|0": 18.115,
  "0|62": 18.95833333333333,
  "62|0": 18.95833333333333,
  "0|63": 20.426666666666662,
  "63|0": 20.426666666666662,
  "0|64": 18.173333333333336,
  "64|0": 18.173333333333336,
  "0|65": 17.351666666666667,
  "65|0": 17.351666666666667,
  "0|66": 16.851666666666667,
  "66|0": 16.851666666666667,
  "0|67": 16.613333333333333,
  "67|0": 16.613333333333333,
  "0|69": 24.37833333333333,
  "69|0": 24.37833333333333,
  "0|70": 22.18,
  "70|0": 22.18,
  "0|71": 23.290000000000003,
  "71|0": 23.290000000000003,
  "0|72": 22.476666666666667,
  "72|0": 22.476666666666667,
  "0|73": 22.025,
  "73|0": 22.025,
  "0|75": 19.08833333333333,
  "75|0": 19.08833333333333,
  "0|76": 19.946666666666665,
  "76|0": 19.946666666666665,
  "0|77": 21.28333333333333,
  "77|0": 21.28333333333333,
  "0|78": 20.9,
  "78|0": 20.9,
  "0|79": 19.18166666666667,
  "79|0": 19.18166666666667,
  "0|80": 24.261666666666667,
  "80|0": 24.261666666666667,
  "0|81": 29.93166666666667,
  "81|0": 29.93166666666667,
  "0|82": 28.041666666666668,
  "82|0": 28.041666666666668,
  "0|83": 31.675,
  "83|0": 31.675,
  "0|84": 21.273333333333333,
  "84|0": 21.273333333333333,
  "0|85": 18.55666666666667,
  "85|0": 18.55666666666667,
  "0|86": 28.15333333333333,
  "86|0": 28.15333333333333,
  "0|87": 20.83,
  "87|0": 20.83,
  "0|88": 21.236666666666668,
  "88|0": 21.236666666666668,
  "0|89": 19.99833333333333,
  "89|0": 19.99833333333333,
  "0|90": 21.235,
  "90|0": 21.235,
  "0|91": 22.62333333333333,
  "91|0": 22.62333333333333,
  "0|92": 24.241666666666667,
  "92|0": 24.241666666666667,
  "0|93": 21.02833333333333,
  "93|0": 21.02833333333333,
  "0|94": 20.56833333333333,
  "94|0": 20.56833333333333,
  "0|95": 12.613333333333332,
  "95|0": 12.613333333333332,
  "0|96": 16.683333333333334,
  "96|0": 16.683333333333334,
  "0|97": 19.216666666666665,
  "97|0": 19.216666666666665,
  "0|98": 11.513333333333332,
  "98|0": 11.513333333333332,
  "0|99": 12.393333333333334,
  "99|0": 12.393333333333334,
  "0|100": 18.071666666666665,
  "100|0": 18.071666666666665,
  "0|101": 20.961666666666662,
  "101|0": 20.961666666666662,
  "0|102": 23.173333333333336,
  "102|0": 23.173333333333336,
  "0|103": 23.691666666666663,
  "103|0": 23.691666666666663,
  "0|104": 13.226666666666668,
  "104|0": 13.226666666666668,
  "0|105": 13.758333333333333,
  "105|0": 13.758333333333333,
  "0|106": 13.675,
  "106|0": 13.675,
  "0|107": 11.111666666666668,
  "107|0": 11.111666666666668,
  "0|108": 7.016666666666667,
  "108|0": 7.016666666666667,
  "0|109": 10.833333333333334,
  "109|0": 10.833333333333334,
  "0|110": 20.791666666666668,
  "110|0": 20.791666666666668,
  "0|111": 20.25333333333333,
  "111|0": 20.25333333333333,
  "0|112": 21.328333333333333,
  "112|0": 21.328333333333333,
  "0|113": 25.27833333333333,
  "113|0": 25.27833333333333,
  "0|114": 23.83,
  "114|0": 23.83,
  "0|115": 21.773333333333333,
  "115|0": 21.773333333333333,
  "0|116": 17.209999999999997,
  "116|0": 17.209999999999997,
  "0|117": 16.773333333333333,
  "117|0": 16.773333333333333,
  "0|118": 15.556666666666668,
  "118|0": 15.556666666666668,
  "0|119": 16.598333333333333,
  "119|0": 16.598333333333333,
  "0|120": 15.671666666666663,
  "120|0": 15.671666666666663,
  "0|121": 19.441666666666663,
  "121|0": 19.441666666666663,
  "0|122": 26.14333333333333,
  "122|0": 26.14333333333333,
  "0|123": 27.43166666666667,
  "123|0": 27.43166666666667,
  "0|124": 16.615,
  "124|0": 16.615,
  "0|125": 13.865,
  "125|0": 13.865,
  "0|126": 14.788333333333332,
  "126|0": 14.788333333333332,
  "0|133": 21.95833333333333,
  "133|0": 21.95833333333333,
  "0|128": 21.785,
  "128|0": 21.785,
  "0|129": 22.345,
  "129|0": 22.345,
  "0|130": 20.421666666666667,
  "130|0": 20.421666666666667,
  "0|131": 25.155,
  "131|0": 25.155,
  "0|132": 19.961666666666662,
  "132|0": 19.961666666666662,
  "0|134": 20.726666666666667,
  "134|0": 20.726666666666667,
  "0|135": 25.57,
  "135|0": 25.57,
  "0|136": 24.24333333333333,
  "136|0": 24.24333333333333,
  "0|137": 21.34,
  "137|0": 21.34,
  "0|139": 23.58333333333333,
  "139|0": 23.58333333333333,
  "0|140": 24.53333333333333,
  "140|0": 24.53333333333333,
  "0|141": 26.598333333333336,
  "141|0": 26.598333333333336,
  "0|142": 26.06833333333333,
  "142|0": 26.06833333333333,
  "0|143": 23.115,
  "143|0": 23.115,
  "0|144": 24.971666666666668,
  "144|0": 24.971666666666668,
  "0|145": 25.973333333333336,
  "145|0": 25.973333333333336,
  "0|146": 24.746666666666663,
  "146|0": 24.746666666666663,
  "0|147": 27.496666666666663,
  "147|0": 27.496666666666663,
  "0|148": 26.23166666666667,
  "148|0": 26.23166666666667,
  "0|149": 17.065,
  "149|0": 17.065,
  "0|150": 27.571666666666665,
  "150|0": 27.571666666666665,
  "0|151": 26.723333333333336,
  "151|0": 26.723333333333336,
  "0|152": 28.27,
  "152|0": 28.27,
  "0|153": 26.22,
  "153|0": 26.22,
  "0|154": 24.941666666666663,
  "154|0": 24.941666666666663,
  "0|156": 20.97,
  "156|0": 20.97,
  "0|157": 19.20833333333333,
  "157|0": 19.20833333333333,
  "0|158": 18.75333333333333,
  "158|0": 18.75333333333333,
  "0|159": 16.01,
  "159|0": 16.01,
  "0|160": 12.261666666666668,
  "160|0": 12.261666666666668,
  "0|161": 16.28666666666667,
  "161|0": 16.28666666666667,
  "0|162": 25.826666666666664,
  "162|0": 25.826666666666664,
  "0|163": 24.633333333333333,
  "163|0": 24.633333333333333,
  "0|164": 27.506666666666668,
  "164|0": 27.506666666666668,
  "0|165": 22.540000000000003,
  "165|0": 22.540000000000003,
  "0|166": 29.27833333333333,
  "166|0": 29.27833333333333,
  "0|167": 21.59,
  "167|0": 21.59,
  "0|195": 39.10666666666667,
  "195|0": 39.10666666666667,
  "0|169": 41.925,
  "169|0": 41.925,
  "0|170": 47.32833333333333,
  "170|0": 47.32833333333333,
  "0|171": 44.53,
  "171|0": 44.53,
  "0|172": 37.095,
  "172|0": 37.095,
  "0|173": 40.04333333333333,
  "173|0": 40.04333333333333,
  "0|174": 37.086666666666666,
  "174|0": 37.086666666666666,
  "0|175": 35.38666666666666,
  "175|0": 35.38666666666666,
  "0|176": 36.73166666666667,
  "176|0": 36.73166666666667,
  "0|177": 37.235,
  "177|0": 37.235,
  "0|178": 34.663333333333334,
  "178|0": 34.663333333333334,
  "0|179": 28.83,
  "179|0": 28.83,
  "0|180": 34.940000000000005,
  "180|0": 34.940000000000005,
  "0|181": 38.21333333333334,
  "181|0": 38.21333333333334,
  "0|182": 27.398333333333333,
  "182|0": 27.398333333333333,
  "0|183": 30.81833333333333,
  "183|0": 30.81833333333333,
  "0|184": 46.98833333333334,
  "184|0": 46.98833333333334,
  "0|185": 40.27833333333333,
  "185|0": 40.27833333333333,
  "0|186": 33.54833333333333,
  "186|0": 33.54833333333333,
  "0|187": 31.925,
  "187|0": 31.925,
  "0|188": 38.62166666666667,
  "188|0": 38.62166666666667,
  "0|189": 33.468333333333334,
  "189|0": 33.468333333333334,
  "0|190": 31.515,
  "190|0": 31.515,
  "0|191": 30.571666666666665,
  "191|0": 30.571666666666665,
  "0|192": 38.888333333333335,
  "192|0": 38.888333333333335,
  "0|194": 30.188333333333333,
  "194|0": 30.188333333333333,
  "0|196": 17.191666666666666,
  "196|0": 17.191666666666666,
  "0|197": 18.55666666666667,
  "197|0": 18.55666666666667,
  "1|2": 18.13833333333333,
  "2|1": 18.13833333333333,
  "1|3": 24.84,
  "3|1": 24.84,
  "1|4": 13.771666666666668,
  "4|1": 13.771666666666668,
  "1|5": 10.981666666666666,
  "5|1": 10.981666666666666,
  "1|6": 27.151666666666664,
  "6|1": 27.151666666666664,
  "1|7": 13.108333333333333,
  "7|1": 13.108333333333333,
  "1|8": 28.69,
  "8|1": 28.69,
  "1|9": 13.598333333333333,
  "9|1": 13.598333333333333,
  "1|10": 6.4350000000000005,
  "10|1": 6.4350000000000005,
  "1|11": 25.675,
  "11|1": 25.675,
  "1|12": 9.305,
  "12|1": 9.305,
  "1|13": 17.951666666666664,
  "13|1": 17.951666666666664,
  "1|14": 24.62333333333333,
  "14|1": 24.62333333333333,
  "1|15": 11.55,
  "15|1": 11.55,
  "1|16": 21.683333333333334,
  "16|1": 21.683333333333334,
  "1|17": 3.991666666666666,
  "17|1": 3.991666666666666,
  "1|18": 19.765,
  "18|1": 19.765,
  "1|19": 47.31666666666667,
  "19|1": 47.31666666666667,
  "1|20": 30.08833333333333,
  "20|1": 30.08833333333333,
  "1|21": 34.09166666666667,
  "21|1": 34.09166666666667,
  "1|22": 12.23,
  "22|1": 12.23,
  "1|23": 18.96333333333333,
  "23|1": 18.96333333333333,
  "1|24": 21.045,
  "24|1": 21.045,
  "1|25": 27.666666666666668,
  "25|1": 27.666666666666668,
  "1|26": 26.95833333333333,
  "26|1": 26.95833333333333,
  "1|27": 27.973333333333336,
  "27|1": 27.973333333333336,
  "1|28": 30.85,
  "28|1": 30.85,
  "1|29": 35.375,
  "29|1": 35.375,
  "1|30": 33.54,
  "30|1": 33.54,
  "1|31": 27.521666666666665,
  "31|1": 27.521666666666665,
  "1|32": 28.048333333333336,
  "32|1": 28.048333333333336,
  "1|33": 33.10666666666667,
  "33|1": 33.10666666666667,
  "1|34": 18.16333333333333,
  "34|1": 18.16333333333333,
  "1|35": 28.50333333333333,
  "35|1": 28.50333333333333,
  "1|36": 26.57333333333333,
  "36|1": 26.57333333333333,
  "1|37": 30.69833333333333,
  "37|1": 30.69833333333333,
  "1|38": 32.24,
  "38|1": 32.24,
  "1|39": 24.62,
  "39|1": 24.62,
  "1|40": 30.258333333333333,
  "40|1": 30.258333333333333,
  "1|41": 23.668333333333333,
  "41|1": 23.668333333333333,
  "1|42": 25.328333333333333,
  "42|1": 25.328333333333333,
  "1|43": 26.845,
  "43|1": 26.845,
  "1|44": 31.18,
  "44|1": 31.18,
  "1|45": 23.551666666666662,
  "45|1": 23.551666666666662,
  "1|46": 24.315,
  "46|1": 24.315,
  "1|47": 24.71,
  "47|1": 24.71,
  "1|48": 25.28166666666667,
  "48|1": 25.28166666666667,
  "1|49": 23.171666666666667,
  "49|1": 23.171666666666667,
  "1|50": 24.195,
  "50|1": 24.195,
  "1|51": 22.24,
  "51|1": 22.24,
  "1|52": 28.668333333333333,
  "52|1": 28.668333333333333,
  "1|53": 27.061666666666667,
  "53|1": 27.061666666666667,
  "1|54": 25.62333333333333,
  "54|1": 25.62333333333333,
  "1|55": 24.596666666666668,
  "55|1": 24.596666666666668,
  "1|56": 26.55666666666667,
  "56|1": 26.55666666666667,
  "1|57": 14.118333333333334,
  "57|1": 14.118333333333334,
  "1|58": 13.6,
  "58|1": 13.6,
  "1|59": 16.056666666666665,
  "59|1": 16.056666666666665,
  "1|60": 21.876666666666665,
  "60|1": 21.876666666666665,
  "1|61": 22.755,
  "61|1": 22.755,
  "1|62": 23.598333333333336,
  "62|1": 23.598333333333336,
  "1|63": 25.066666666666663,
  "63|1": 25.066666666666663,
  "1|64": 22.813333333333333,
  "64|1": 22.813333333333333,
  "1|65": 21.991666666666667,
  "65|1": 21.991666666666667,
  "1|66": 21.491666666666667,
  "66|1": 21.491666666666667,
  "1|67": 21.25333333333333,
  "67|1": 21.25333333333333,
  "1|69": 29.01833333333333,
  "69|1": 29.01833333333333,
  "1|70": 26.82,
  "70|1": 26.82,
  "1|71": 27.93,
  "71|1": 27.93,
  "1|72": 27.116666666666667,
  "72|1": 27.116666666666667,
  "1|73": 26.665000000000003,
  "73|1": 26.665000000000003,
  "1|75": 23.72833333333333,
  "75|1": 23.72833333333333,
  "1|76": 24.586666666666662,
  "76|1": 24.586666666666662,
  "1|77": 25.923333333333336,
  "77|1": 25.923333333333336,
  "1|78": 25.540000000000003,
  "78|1": 25.540000000000003,
  "1|79": 23.821666666666665,
  "79|1": 23.821666666666665,
  "1|80": 28.901666666666664,
  "80|1": 28.901666666666664,
  "1|81": 34.57166666666667,
  "81|1": 34.57166666666667,
  "1|82": 32.681666666666665,
  "82|1": 32.681666666666665,
  "1|83": 36.315000000000005,
  "83|1": 36.315000000000005,
  "1|84": 25.91333333333333,
  "84|1": 25.91333333333333,
  "1|85": 23.196666666666665,
  "85|1": 23.196666666666665,
  "1|86": 32.79333333333333,
  "86|1": 32.79333333333333,
  "1|87": 25.47,
  "87|1": 25.47,
  "1|88": 25.876666666666665,
  "88|1": 25.876666666666665,
  "1|89": 24.63833333333333,
  "89|1": 24.63833333333333,
  "1|90": 25.875,
  "90|1": 25.875,
  "1|91": 27.26333333333333,
  "91|1": 27.26333333333333,
  "1|92": 28.881666666666668,
  "92|1": 28.881666666666668,
  "1|93": 25.668333333333333,
  "93|1": 25.668333333333333,
  "1|94": 25.20833333333333,
  "94|1": 25.20833333333333,
  "1|95": 17.31,
  "95|1": 17.31,
  "1|96": 19.51333333333333,
  "96|1": 19.51333333333333,
  "1|97": 23.85666666666667,
  "97|1": 23.85666666666667,
  "1|98": 16.153333333333332,
  "98|1": 16.153333333333332,
  "1|99": 17.033333333333335,
  "99|1": 17.033333333333335,
  "1|100": 22.711666666666662,
  "100|1": 22.711666666666662,
  "1|101": 25.601666666666667,
  "101|1": 25.601666666666667,
  "1|102": 27.813333333333333,
  "102|1": 27.813333333333333,
  "1|103": 28.331666666666667,
  "103|1": 28.331666666666667,
  "1|104": 17.866666666666667,
  "104|1": 17.866666666666667,
  "1|105": 18.455,
  "105|1": 18.455,
  "1|106": 18.315,
  "106|1": 18.315,
  "1|107": 15.751666666666669,
  "107|1": 15.751666666666669,
  "1|108": 11.656666666666666,
  "108|1": 11.656666666666666,
  "1|109": 15.53,
  "109|1": 15.53,
  "1|110": 22.141666666666666,
  "110|1": 22.141666666666666,
  "1|111": 22.555,
  "111|1": 22.555,
  "1|112": 20.676666666666662,
  "112|1": 20.676666666666662,
  "1|113": 21.87,
  "113|1": 21.87,
  "1|114": 20.421666666666667,
  "114|1": 20.421666666666667,
  "1|115": 18.365,
  "115|1": 18.365,
  "1|116": 21.85,
  "116|1": 21.85,
  "1|117": 21.41333333333333,
  "117|1": 21.41333333333333,
  "1|118": 20.196666666666665,
  "118|1": 20.196666666666665,
  "1|119": 21.238333333333333,
  "119|1": 21.238333333333333,
  "1|120": 20.311666666666667,
  "120|1": 20.311666666666667,
  "1|121": 24.081666666666667,
  "121|1": 24.081666666666667,
  "1|122": 30.78333333333333,
  "122|1": 30.78333333333333,
  "1|123": 32.071666666666665,
  "123|1": 32.071666666666665,
  "1|124": 21.255,
  "124|1": 21.255,
  "1|125": 18.505,
  "125|1": 18.505,
  "1|126": 19.42833333333333,
  "126|1": 19.42833333333333,
  "1|133": 26.598333333333336,
  "133|1": 26.598333333333336,
  "1|128": 26.425,
  "128|1": 26.425,
  "1|129": 26.985,
  "129|1": 26.985,
  "1|130": 25.061666666666667,
  "130|1": 25.061666666666667,
  "1|131": 29.795,
  "131|1": 29.795,
  "1|132": 24.601666666666667,
  "132|1": 24.601666666666667,
  "1|134": 25.366666666666667,
  "134|1": 25.366666666666667,
  "1|135": 30.21,
  "135|1": 30.21,
  "1|136": 28.883333333333333,
  "136|1": 28.883333333333333,
  "1|137": 25.98,
  "137|1": 25.98,
  "1|139": 28.223333333333336,
  "139|1": 28.223333333333336,
  "1|140": 29.173333333333336,
  "140|1": 29.173333333333336,
  "1|141": 31.238333333333333,
  "141|1": 31.238333333333333,
  "1|142": 30.70833333333333,
  "142|1": 30.70833333333333,
  "1|143": 27.755,
  "143|1": 27.755,
  "1|144": 29.611666666666668,
  "144|1": 29.611666666666668,
  "1|145": 30.613333333333333,
  "145|1": 30.613333333333333,
  "1|146": 29.386666666666667,
  "146|1": 29.386666666666667,
  "1|147": 32.13666666666667,
  "147|1": 32.13666666666667,
  "1|148": 30.871666666666663,
  "148|1": 30.871666666666663,
  "1|149": 21.705,
  "149|1": 21.705,
  "1|150": 32.211666666666666,
  "150|1": 32.211666666666666,
  "1|151": 31.363333333333333,
  "151|1": 31.363333333333333,
  "1|152": 32.91,
  "152|1": 32.91,
  "1|153": 30.86,
  "153|1": 30.86,
  "1|154": 18.726666666666667,
  "154|1": 18.726666666666667,
  "1|156": 16.401666666666667,
  "156|1": 16.401666666666667,
  "1|157": 14.64,
  "157|1": 14.64,
  "1|158": 14.185,
  "158|1": 14.185,
  "1|159": 5.133333333333334,
  "159|1": 5.133333333333334,
  "1|160": 6.621666666666667,
  "160|1": 6.621666666666667,
  "1|161": 13.363333333333332,
  "161|1": 13.363333333333332,
  "1|162": 19.611666666666668,
  "162|1": 19.611666666666668,
  "1|163": 21.195,
  "163|1": 21.195,
  "1|164": 23.813333333333333,
  "164|1": 23.813333333333333,
  "1|165": 18.43,
  "165|1": 18.43,
  "1|166": 23.063333333333333,
  "166|1": 23.063333333333333,
  "1|167": 9.286666666666669,
  "167|1": 9.286666666666669,
  "1|195": 43.74666666666667,
  "195|1": 43.74666666666667,
  "1|169": 46.565000000000005,
  "169|1": 46.565000000000005,
  "1|170": 51.96833333333333,
  "170|1": 51.96833333333333,
  "1|171": 49.17,
  "171|1": 49.17,
  "1|172": 41.735,
  "172|1": 41.735,
  "1|173": 44.68333333333333,
  "173|1": 44.68333333333333,
  "1|174": 41.72666666666667,
  "174|1": 41.72666666666667,
  "1|175": 40.02666666666666,
  "175|1": 40.02666666666666,
  "1|176": 41.37166666666667,
  "176|1": 41.37166666666667,
  "1|177": 41.875,
  "177|1": 41.875,
  "1|178": 39.30333333333333,
  "178|1": 39.30333333333333,
  "1|179": 33.47,
  "179|1": 33.47,
  "1|180": 39.580000000000005,
  "180|1": 39.580000000000005,
  "1|181": 42.85333333333333,
  "181|1": 42.85333333333333,
  "1|182": 32.038333333333334,
  "182|1": 32.038333333333334,
  "1|183": 35.458333333333336,
  "183|1": 35.458333333333336,
  "1|184": 51.62833333333333,
  "184|1": 51.62833333333333,
  "1|185": 33.27333333333333,
  "185|1": 33.27333333333333,
  "1|186": 38.18833333333334,
  "186|1": 38.18833333333334,
  "1|187": 36.565000000000005,
  "187|1": 36.565000000000005,
  "1|188": 43.26166666666666,
  "188|1": 43.26166666666666,
  "1|189": 38.10833333333333,
  "189|1": 38.10833333333333,
  "1|190": 36.155,
  "190|1": 36.155,
  "1|191": 35.211666666666666,
  "191|1": 35.211666666666666,
  "1|192": 43.52833333333333,
  "192|1": 43.52833333333333,
  "1|194": 32.766666666666666,
  "194|1": 32.766666666666666,
  "1|196": 24.291666666666668,
  "196|1": 24.291666666666668,
  "1|197": 23.196666666666665,
  "197|1": 23.196666666666665,
  "2|3": 13.43,
  "3|2": 13.43,
  "2|4": 8.826666666666666,
  "4|2": 8.826666666666666,
  "2|5": 8.328333333333333,
  "5|2": 8.328333333333333,
  "2|6": 14.13,
  "6|2": 14.13,
  "2|7": 7.680000000000001,
  "7|2": 7.680000000000001,
  "2|8": 16.49833333333333,
  "8|2": 16.49833333333333,
  "2|9": 10.658333333333331,
  "9|2": 10.658333333333331,
  "2|10": 16.883333333333333,
  "10|2": 16.883333333333333,
  "2|11": 11.21,
  "11|2": 11.21,
  "2|12": 20.28333333333333,
  "12|2": 20.28333333333333,
  "2|13": 5.136666666666667,
  "13|2": 5.136666666666667,
  "2|14": 12.248333333333331,
  "14|2": 12.248333333333331,
  "2|15": 19.38833333333333,
  "15|2": 19.38833333333333,
  "2|16": 8.563333333333333,
  "16|2": 8.563333333333333,
  "2|17": 20.65666666666667,
  "17|2": 20.65666666666667,
  "2|18": 5.951666666666667,
  "18|2": 5.951666666666667,
  "2|19": 35.24333333333333,
  "19|2": 35.24333333333333,
  "2|20": 45.63166666666667,
  "20|2": 45.63166666666667,
  "2|21": 23.42833333333333,
  "21|2": 23.42833333333333,
  "2|22": 28.258333333333333,
  "22|2": 28.258333333333333,
  "2|23": 34.99166666666667,
  "23|2": 34.99166666666667,
  "2|24": 37.07333333333334,
  "24|2": 37.07333333333334,
  "2|25": 17.125,
  "25|2": 17.125,
  "2|26": 16.946666666666665,
  "26|2": 16.946666666666665,
  "2|27": 17.961666666666666,
  "27|2": 17.961666666666666,
  "2|28": 26.61,
  "28|2": 26.61,
  "2|29": 24.441666666666663,
  "29|2": 24.441666666666663,
  "2|30": 22.921666666666667,
  "30|2": 22.921666666666667,
  "2|31": 27.238333333333333,
  "31|2": 27.238333333333333,
  "2|32": 22.976666666666667,
  "32|2": 22.976666666666667,
  "2|33": 21.03333333333333,
  "33|2": 21.03333333333333,
  "2|34": 34.125,
  "34|2": 34.125,
  "2|35": 25.17,
  "35|2": 25.17,
  "2|36": 19.17833333333333,
  "36|2": 19.17833333333333,
  "2|37": 26.20833333333333,
  "37|2": 26.20833333333333,
  "2|38": 28.756666666666668,
  "38|2": 28.756666666666668,
  "2|39": 31.30333333333333,
  "39|2": 31.30333333333333,
  "2|40": 31.141666666666666,
  "40|2": 31.141666666666666,
  "2|41": 22.21333333333333,
  "41|2": 22.21333333333333,
  "2|42": 28.453333333333333,
  "42|2": 28.453333333333333,
  "2|43": 34.52333333333333,
  "43|2": 34.52333333333333,
  "2|44": 19.10666666666667,
  "44|2": 19.10666666666667,
  "2|45": 11.478333333333332,
  "45|2": 11.478333333333332,
  "2|46": 12.241666666666667,
  "46|2": 12.241666666666667,
  "2|47": 12.636666666666668,
  "47|2": 12.636666666666668,
  "2|48": 13.208333333333334,
  "48|2": 13.208333333333334,
  "2|49": 11.098333333333333,
  "49|2": 11.098333333333333,
  "2|50": 12.121666666666666,
  "50|2": 12.121666666666666,
  "2|51": 10.166666666666666,
  "51|2": 10.166666666666666,
  "2|52": 21.976666666666667,
  "52|2": 21.976666666666667,
  "2|53": 20.37,
  "53|2": 20.37,
  "2|54": 18.93166666666667,
  "54|2": 18.93166666666667,
  "2|55": 17.904999999999998,
  "55|2": 17.904999999999998,
  "2|56": 19.865,
  "56|2": 19.865,
  "2|57": 7.56,
  "57|2": 7.56,
  "2|58": 8.643333333333334,
  "58|2": 8.643333333333334,
  "2|59": 7.415,
  "59|2": 7.415,
  "2|60": 12.141666666666667,
  "60|2": 12.141666666666667,
  "2|61": 13.02,
  "61|2": 13.02,
  "2|62": 12.31,
  "62|2": 12.31,
  "2|63": 13.616666666666667,
  "63|2": 13.616666666666667,
  "2|64": 15.706666666666669,
  "64|2": 15.706666666666669,
  "2|65": 15.3,
  "65|2": 15.3,
  "2|66": 14.8,
  "66|2": 14.8,
  "2|67": 14.561666666666667,
  "67|2": 14.561666666666667,
  "2|69": 22.326666666666664,
  "69|2": 22.326666666666664,
  "2|70": 20.12833333333333,
  "70|2": 20.12833333333333,
  "2|71": 21.238333333333333,
  "71|2": 21.238333333333333,
  "2|72": 20.425,
  "72|2": 20.425,
  "2|73": 17.51833333333333,
  "73|2": 17.51833333333333,
  "2|75": 14.265,
  "75|2": 14.265,
  "2|76": 14.288333333333332,
  "76|2": 14.288333333333332,
  "2|77": 15.291666666666666,
  "77|2": 15.291666666666666,
  "2|78": 15.038333333333332,
  "78|2": 15.038333333333332,
  "2|79": 13.93,
  "79|2": 13.93,
  "2|80": 17.625,
  "80|2": 17.625,
  "2|81": 22.49833333333333,
  "81|2": 22.49833333333333,
  "2|82": 20.60833333333333,
  "82|2": 20.60833333333333,
  "2|83": 24.241666666666667,
  "83|2": 24.241666666666667,
  "2|84": 19.221666666666668,
  "84|2": 19.221666666666668,
  "2|85": 16.505,
  "85|2": 16.505,
  "2|86": 20.72,
  "86|2": 20.72,
  "2|87": 13.396666666666668,
  "87|2": 13.396666666666668,
  "2|88": 13.803333333333336,
  "88|2": 13.803333333333336,
  "2|89": 12.565,
  "89|2": 12.565,
  "2|90": 13.801666666666668,
  "90|2": 13.801666666666668,
  "2|91": 19.05333333333333,
  "91|2": 19.05333333333333,
  "2|92": 17.761666666666667,
  "92|2": 17.761666666666667,
  "2|93": 18.86,
  "93|2": 18.86,
  "2|94": 14.028333333333334,
  "94|2": 14.028333333333334,
  "2|95": 5.366666666666666,
  "95|2": 5.366666666666666,
  "2|96": 14.631666666666666,
  "96|2": 14.631666666666666,
  "2|97": 17.165000000000003,
  "97|2": 17.165000000000003,
  "2|98": 5.5633333333333335,
  "98|2": 5.5633333333333335,
  "2|99": 5.785,
  "99|2": 5.785,
  "2|100": 16.02,
  "100|2": 16.02,
  "2|101": 18.91,
  "101|2": 18.91,
  "2|102": 21.121666666666663,
  "102|2": 21.121666666666663,
  "2|103": 21.64,
  "103|2": 21.64,
  "2|104": 9.77,
  "104|2": 9.77,
  "2|105": 13.71,
  "105|2": 13.71,
  "2|106": 10.898333333333332,
  "106|2": 10.898333333333332,
  "2|107": 8.666666666666666,
  "107|2": 8.666666666666666,
  "2|108": 8.968333333333334,
  "108|2": 8.968333333333334,
  "2|109": 10.556666666666668,
  "109|2": 10.556666666666668,
  "2|110": 18.74,
  "110|2": 18.74,
  "2|111": 18.201666666666664,
  "111|2": 18.201666666666664,
  "2|112": 19.421666666666667,
  "112|2": 19.421666666666667,
  "2|113": 25.00333333333333,
  "113|2": 25.00333333333333,
  "2|114": 24.26333333333333,
  "114|2": 24.26333333333333,
  "2|115": 22.206666666666667,
  "115|2": 22.206666666666667,
  "2|116": 12.115,
  "116|2": 12.115,
  "2|117": 13.88,
  "117|2": 13.88,
  "2|118": 12.073333333333332,
  "118|2": 12.073333333333332,
  "2|119": 8.528333333333332,
  "119|2": 8.528333333333332,
  "2|120": 7.991666666666666,
  "120|2": 7.991666666666666,
  "2|121": 12.008333333333333,
  "121|2": 12.008333333333333,
  "2|122": 18.71,
  "122|2": 18.71,
  "2|123": 19.99833333333333,
  "123|2": 19.99833333333333,
  "2|124": 10.6,
  "124|2": 10.6,
  "2|125": 8.770000000000001,
  "125|2": 8.770000000000001,
  "2|126": 12.736666666666668,
  "126|2": 12.736666666666668,
  "2|133": 14.525,
  "133|2": 14.525,
  "2|128": 14.351666666666668,
  "128|2": 14.351666666666668,
  "2|129": 14.911666666666669,
  "129|2": 14.911666666666669,
  "2|130": 12.988333333333332,
  "130|2": 12.988333333333332,
  "2|131": 17.721666666666668,
  "131|2": 17.721666666666668,
  "2|132": 12.528333333333334,
  "132|2": 12.528333333333334,
  "2|134": 13.293333333333331,
  "134|2": 13.293333333333331,
  "2|135": 18.136666666666667,
  "135|2": 18.136666666666667,
  "2|136": 16.81,
  "136|2": 16.81,
  "2|137": 13.665,
  "137|2": 13.665,
  "2|139": 16.15,
  "139|2": 16.15,
  "2|140": 22.48166666666667,
  "140|2": 22.48166666666667,
  "2|141": 24.546666666666667,
  "141|2": 24.546666666666667,
  "2|142": 24.016666666666666,
  "142|2": 24.016666666666666,
  "2|143": 21.063333333333333,
  "143|2": 21.063333333333333,
  "2|144": 17.538333333333334,
  "144|2": 17.538333333333334,
  "2|145": 18.540000000000003,
  "145|2": 18.540000000000003,
  "2|146": 17.313333333333333,
  "146|2": 17.313333333333333,
  "2|147": 25.445,
  "147|2": 25.445,
  "2|148": 24.18,
  "148|2": 24.18,
  "2|149": 15.013333333333332,
  "149|2": 15.013333333333332,
  "2|150": 25.52,
  "150|2": 25.52,
  "2|151": 24.671666666666667,
  "151|2": 24.671666666666667,
  "2|152": 20.836666666666662,
  "152|2": 20.836666666666662,
  "2|153": 18.78666666666667,
  "153|2": 18.78666666666667,
  "2|154": 29.37833333333333,
  "154|2": 29.37833333333333,
  "2|156": 25.40666666666667,
  "156|2": 25.40666666666667,
  "2|157": 23.645,
  "157|2": 23.645,
  "2|158": 23.19,
  "158|2": 23.19,
  "2|159": 20.168333333333333,
  "159|2": 20.168333333333333,
  "2|160": 16.988333333333333,
  "160|2": 16.988333333333333,
  "2|161": 20.83,
  "161|2": 20.83,
  "2|162": 30.26333333333333,
  "162|2": 30.26333333333333,
  "2|163": 25.066666666666663,
  "163|2": 25.066666666666663,
  "2|164": 29.72,
  "164|2": 29.72,
  "2|165": 27.08333333333333,
  "165|2": 27.08333333333333,
  "2|166": 33.715,
  "166|2": 33.715,
  "2|167": 25.74833333333333,
  "167|2": 25.74833333333333,
  "2|195": 31.673333333333336,
  "195|2": 31.673333333333336,
  "2|169": 34.49166666666667,
  "169|2": 34.49166666666667,
  "2|170": 39.895,
  "170|2": 39.895,
  "2|171": 37.09666666666667,
  "171|2": 37.09666666666667,
  "2|172": 29.66166666666667,
  "172|2": 29.66166666666667,
  "2|173": 32.61,
  "173|2": 32.61,
  "2|174": 29.65333333333333,
  "174|2": 29.65333333333333,
  "2|175": 27.953333333333333,
  "175|2": 27.953333333333333,
  "2|176": 34.68,
  "176|2": 34.68,
  "2|177": 29.801666666666662,
  "177|2": 29.801666666666662,
  "2|178": 27.23,
  "178|2": 27.23,
  "2|179": 21.396666666666665,
  "179|2": 21.396666666666665,
  "2|180": 32.888333333333335,
  "180|2": 32.888333333333335,
  "2|181": 30.78,
  "181|2": 30.78,
  "2|182": 19.965,
  "182|2": 19.965,
  "2|183": 23.385,
  "183|2": 23.385,
  "2|184": 39.555,
  "184|2": 39.555,
  "2|185": 33.37,
  "185|2": 33.37,
  "2|186": 26.115,
  "186|2": 26.115,
  "2|187": 24.491666666666667,
  "187|2": 24.491666666666667,
  "2|188": 31.188333333333333,
  "188|2": 31.188333333333333,
  "2|189": 26.035,
  "189|2": 26.035,
  "2|190": 24.081666666666667,
  "190|2": 24.081666666666667,
  "2|191": 23.13833333333333,
  "191|2": 23.13833333333333,
  "2|192": 31.455,
  "192|2": 31.455,
  "2|194": 22.755,
  "194|2": 22.755,
  "2|196": 9.806666666666668,
  "196|2": 9.806666666666668,
  "2|197": 11.123333333333331,
  "197|2": 11.123333333333331,
  "3|4": 19.65333333333333,
  "4|3": 19.65333333333333,
  "3|5": 16.24,
  "5|3": 16.24,
  "3|6": 5.175,
  "6|3": 5.175,
  "3|7": 17.811666666666667,
  "7|3": 17.811666666666667,
  "3|8": 7.543333333333334,
  "8|3": 7.543333333333334,
  "3|9": 19.381666666666668,
  "9|3": 19.381666666666668,
  "3|10": 23.675,
  "10|3": 23.675,
  "3|11": 7.431666666666667,
  "11|3": 7.431666666666667,
  "3|12": 24.03,
  "12|3": 24.03,
  "3|13": 15.726666666666668,
  "13|3": 15.726666666666668,
  "3|14": 5.795,
  "14|3": 5.795,
  "3|15": 21.805,
  "15|3": 21.805,
  "3|16": 9.253333333333334,
  "16|3": 9.253333333333334,
  "3|17": 27.371666666666663,
  "17|3": 27.371666666666663,
  "3|18": 11.796666666666663,
  "18|3": 11.796666666666663,
  "3|19": 28.60666666666667,
  "19|3": 28.60666666666667,
  "3|20": 52.86,
  "20|3": 52.86,
  "3|21": 16.768333333333334,
  "21|3": 16.768333333333334,
  "3|22": 32.04,
  "22|3": 32.04,
  "3|23": 33.865,
  "23|3": 33.865,
  "3|24": 33.03,
  "24|3": 33.03,
  "3|25": 8.17,
  "25|3": 8.17,
  "3|26": 8.586666666666668,
  "26|3": 8.586666666666668,
  "3|27": 9.388333333333332,
  "27|3": 9.388333333333332,
  "3|28": 19.973333333333336,
  "28|3": 19.973333333333336,
  "3|29": 17.805,
  "29|3": 17.805,
  "3|30": 16.285,
  "30|3": 16.285,
  "3|31": 18.688333333333333,
  "31|3": 18.688333333333333,
  "3|32": 14.298333333333334,
  "32|3": 14.298333333333334,
  "3|33": 13.333333333333334,
  "33|3": 13.333333333333334,
  "3|34": 26.891666666666666,
  "34|3": 26.891666666666666,
  "3|35": 16.491666666666667,
  "35|3": 16.491666666666667,
  "3|36": 10.5,
  "36|3": 10.5,
  "3|37": 19.571666666666665,
  "37|3": 19.571666666666665,
  "3|38": 22.12,
  "38|3": 22.12,
  "3|39": 22.75333333333333,
  "39|3": 22.75333333333333,
  "3|40": 23.596666666666668,
  "40|3": 23.596666666666668,
  "3|41": 13.663333333333332,
  "41|3": 13.663333333333332,
  "3|42": 19.90333333333333,
  "42|3": 19.90333333333333,
  "3|43": 25.973333333333336,
  "43|3": 25.973333333333336,
  "3|44": 12.371666666666666,
  "44|3": 12.371666666666666,
  "3|45": 9.511666666666668,
  "45|3": 9.511666666666668,
  "3|46": 8.575,
  "46|3": 8.575,
  "3|47": 10.8,
  "47|3": 10.8,
  "3|48": 8.671666666666665,
  "48|3": 8.671666666666665,
  "3|49": 7.685,
  "49|3": 7.685,
  "3|50": 10.285,
  "50|3": 10.285,
  "3|51": 8.806666666666667,
  "51|3": 8.806666666666667,
  "3|52": 20.421666666666667,
  "52|3": 20.421666666666667,
  "3|53": 20.048333333333336,
  "53|3": 20.048333333333336,
  "3|54": 17.096666666666668,
  "54|3": 17.096666666666668,
  "3|55": 20.951666666666664,
  "55|3": 20.951666666666664,
  "3|56": 18.03,
  "56|3": 18.03,
  "3|57": 15.123333333333331,
  "57|3": 15.123333333333331,
  "3|58": 15.871666666666666,
  "58|3": 15.871666666666666,
  "3|59": 14.848333333333333,
  "59|3": 14.848333333333333,
  "3|60": 15.166666666666666,
  "60|3": 15.166666666666666,
  "3|61": 14.813333333333333,
  "61|3": 14.813333333333333,
  "3|62": 13.411666666666669,
  "62|3": 13.411666666666669,
  "3|63": 13.593333333333334,
  "63|3": 13.593333333333334,
  "3|64": 17.251666666666665,
  "64|3": 17.251666666666665,
  "3|65": 18.91166666666667,
  "65|3": 18.91166666666667,
  "3|66": 18.90666666666667,
  "66|3": 18.90666666666667,
  "3|67": 18.173333333333336,
  "67|3": 18.173333333333336,
  "3|69": 26.298333333333336,
  "69|3": 26.298333333333336,
  "3|70": 24.290000000000003,
  "70|3": 24.290000000000003,
  "3|71": 25.21,
  "71|3": 25.21,
  "3|72": 24.396666666666665,
  "72|3": 24.396666666666665,
  "3|73": 16.261666666666667,
  "73|3": 16.261666666666667,
  "3|75": 15.366666666666667,
  "75|3": 15.366666666666667,
  "3|76": 14.345,
  "76|3": 14.345,
  "3|77": 13.316666666666666,
  "77|3": 13.316666666666666,
  "3|78": 14.636666666666668,
  "78|3": 14.636666666666668,
  "3|79": 15.031666666666666,
  "79|3": 15.031666666666666,
  "3|80": 14.158333333333331,
  "80|3": 14.158333333333331,
  "3|81": 15.975,
  "81|3": 15.975,
  "3|82": 14.085,
  "82|3": 14.085,
  "3|83": 17.605,
  "83|3": 17.605,
  "3|84": 25.39333333333333,
  "84|3": 25.39333333333333,
  "3|85": 22.676666666666662,
  "85|3": 22.676666666666662,
  "3|86": 13.7,
  "86|3": 13.7,
  "3|87": 9.96,
  "87|3": 9.96,
  "3|88": 11.966666666666669,
  "88|3": 11.966666666666669,
  "3|89": 10.043333333333331,
  "89|3": 10.043333333333331,
  "3|90": 10.968333333333334,
  "90|3": 10.968333333333334,
  "3|91": 15.116666666666667,
  "91|3": 15.116666666666667,
  "3|92": 13.733333333333333,
  "92|3": 13.733333333333333,
  "3|93": 17.220000000000002,
  "93|3": 17.220000000000002,
  "3|94": 12.635,
  "94|3": 12.635,
  "3|95": 11.398333333333332,
  "95|3": 11.398333333333332,
  "3|96": 21.465,
  "96|3": 21.465,
  "3|97": 21.366666666666667,
  "97|3": 21.366666666666667,
  "3|98": 12.996666666666666,
  "98|3": 12.996666666666666,
  "3|99": 13.218333333333334,
  "99|3": 13.218333333333334,
  "3|100": 19.991666666666667,
  "100|3": 19.991666666666667,
  "3|101": 22.881666666666668,
  "101|3": 22.881666666666668,
  "3|102": 26.49833333333333,
  "102|3": 26.49833333333333,
  "3|103": 26.40333333333333,
  "103|3": 26.40333333333333,
  "3|104": 17.203333333333333,
  "104|3": 17.203333333333333,
  "3|105": 21.14333333333333,
  "105|3": 21.14333333333333,
  "3|106": 18.331666666666667,
  "106|3": 18.331666666666667,
  "3|107": 16.1,
  "107|3": 16.1,
  "3|108": 16.196666666666665,
  "108|3": 16.196666666666665,
  "3|109": 17.785,
  "109|3": 17.785,
  "3|110": 24.91166666666667,
  "110|3": 24.91166666666667,
  "3|111": 24.37333333333333,
  "111|3": 24.37333333333333,
  "3|112": 25.59333333333333,
  "112|3": 25.59333333333333,
  "3|113": 31.175,
  "113|3": 31.175,
  "3|114": 31.696666666666665,
  "114|3": 31.696666666666665,
  "3|115": 29.195,
  "115|3": 29.195,
  "3|116": 17.095000000000002,
  "116|3": 17.095000000000002,
  "3|117": 17.43166666666667,
  "117|3": 17.43166666666667,
  "3|118": 17.373333333333335,
  "118|3": 17.373333333333335,
  "3|119": 9.098333333333333,
  "119|3": 9.098333333333333,
  "3|120": 11.3,
  "120|3": 11.3,
  "3|121": 11.606666666666666,
  "121|3": 11.606666666666666,
  "3|122": 12.62,
  "122|3": 12.62,
  "3|123": 13.908333333333331,
  "123|3": 13.908333333333331,
  "3|124": 13.908333333333331,
  "124|3": 13.908333333333331,
  "3|125": 15.848333333333333,
  "125|3": 15.848333333333333,
  "3|126": 18.586666666666662,
  "126|3": 18.586666666666662,
  "3|133": 8.435,
  "133|3": 8.435,
  "3|128": 9.73,
  "128|3": 9.73,
  "3|129": 10.206666666666669,
  "129|3": 10.206666666666669,
  "3|130": 9.743333333333334,
  "130|3": 9.743333333333334,
  "3|131": 10.643333333333334,
  "131|3": 10.643333333333334,
  "3|132": 9.283333333333331,
  "132|3": 9.283333333333331,
  "3|134": 6.016666666666667,
  "134|3": 6.016666666666667,
  "3|135": 11.0,
  "135|3": 11.0,
  "3|136": 10.72,
  "136|3": 10.72,
  "3|137": 4.596666666666667,
  "137|3": 4.596666666666667,
  "3|139": 7.371666666666667,
  "139|3": 7.371666666666667,
  "3|140": 20.926666666666662,
  "140|3": 20.926666666666662,
  "3|141": 24.88833333333333,
  "141|3": 24.88833333333333,
  "3|142": 22.461666666666662,
  "142|3": 22.461666666666662,
  "3|143": 22.24833333333333,
  "143|3": 22.24833333333333,
  "3|144": 12.83,
  "144|3": 12.83,
  "3|145": 12.516666666666667,
  "145|3": 12.516666666666667,
  "3|146": 12.605,
  "146|3": 12.605,
  "3|147": 22.836666666666662,
  "147|3": 22.836666666666662,
  "3|148": 26.70833333333333,
  "148|3": 26.70833333333333,
  "3|149": 21.185,
  "149|3": 21.185,
  "3|150": 21.506666666666668,
  "150|3": 21.506666666666668,
  "3|151": 22.28166666666667,
  "151|3": 22.28166666666667,
  "3|152": 14.488333333333332,
  "152|3": 14.488333333333332,
  "3|153": 12.411666666666669,
  "153|3": 12.411666666666669,
  "3|154": 36.60666666666667,
  "154|3": 36.60666666666667,
  "3|156": 32.635,
  "156|3": 32.635,
  "3|157": 30.87333333333333,
  "157|3": 30.87333333333333,
  "3|158": 30.418333333333333,
  "158|3": 30.418333333333333,
  "3|159": 27.396666666666665,
  "159|3": 27.396666666666665,
  "3|160": 24.216666666666665,
  "160|3": 24.216666666666665,
  "3|161": 28.058333333333334,
  "161|3": 28.058333333333334,
  "3|162": 37.49166666666667,
  "162|3": 37.49166666666667,
  "3|163": 32.5,
  "163|3": 32.5,
  "3|164": 37.15333333333333,
  "164|3": 37.15333333333333,
  "3|165": 34.31166666666666,
  "165|3": 34.31166666666666,
  "3|166": 40.943333333333335,
  "166|3": 40.943333333333335,
  "3|167": 32.97666666666667,
  "167|3": 32.97666666666667,
  "3|195": 25.03666666666667,
  "195|3": 25.03666666666667,
  "3|169": 27.855,
  "169|3": 27.855,
  "3|170": 33.25833333333333,
  "170|3": 33.25833333333333,
  "3|171": 30.46,
  "171|3": 30.46,
  "3|172": 23.571666666666665,
  "172|3": 23.571666666666665,
  "3|173": 25.973333333333336,
  "173|3": 25.973333333333336,
  "3|174": 23.016666666666666,
  "174|3": 23.016666666666666,
  "3|175": 21.316666666666663,
  "175|3": 21.316666666666663,
  "3|176": 30.066666666666663,
  "176|3": 30.066666666666663,
  "3|177": 23.165000000000003,
  "177|3": 23.165000000000003,
  "3|178": 20.59333333333333,
  "178|3": 20.59333333333333,
  "3|179": 16.688333333333333,
  "179|3": 16.688333333333333,
  "3|180": 28.55333333333333,
  "180|3": 28.55333333333333,
  "3|181": 24.14333333333333,
  "181|3": 24.14333333333333,
  "3|182": 13.59,
  "182|3": 13.59,
  "3|183": 17.01,
  "183|3": 17.01,
  "3|184": 32.91833333333333,
  "184|3": 32.91833333333333,
  "3|185": 26.73333333333333,
  "185|3": 26.73333333333333,
  "3|186": 20.025,
  "186|3": 20.025,
  "3|187": 17.855,
  "187|3": 17.855,
  "3|188": 24.551666666666662,
  "188|3": 24.551666666666662,
  "3|189": 19.398333333333333,
  "189|3": 19.398333333333333,
  "3|190": 17.991666666666667,
  "190|3": 17.991666666666667,
  "3|191": 17.048333333333332,
